36.69,56.76,13.14,61.28,34.61,62.58,48.62,30.19,56.72,55.65,45.43,43.50,59.29,23.26,81.83,41.46,24.59,66.65,30.09,19.35,
15.39,52.59,21.52,41.65,59.39,30.20,37.52,26.79,61.45,59.94,11.71,52.19,29.83,24.07,29.34,18.11,44.79,76.84,48.70,13.81,
85.08,42.39,51.88,59.97,21.12,86.77,49.35,49.31,24.09,75.13,19.87,34.76, 3.23,87.74,32.71,14.59,32.83,62.86,88.12, 6.07,
34.75,49.18,54.20,18.26,30.81,79.27,35.11,69.75,26.64,37.21,79.93,62.21,37.51,83.26,74.92,59.91,33.69,42.69,59.35,11.12,
73.42,37.94,43.49,78.51,35.44,29.72,48.79,62.11,48.09,49.20,66.87,82.54,53.65,34.65,59.98,83.07,70.38,48.34,66.39,49.98,
 2.07,13.68,68.75,78.71,51.02,56.10,52.41,86.38, 4.46,59.09, 5.70,84.75, 7.67,10.90,25.89,82.08,81.90,72.81,61.24,49.63,
73.72,82.41, 5.98,85.88,31.55,64.42,82.95,52.58,27.73,55.87,55.42,75.83,20.55,32.00,65.65,66.91,88.25,76.10,24.89,45.09,
 4.35,72.11,41.18,53.00,34.02,66.69,49.43,33.69,10.92,27.55,82.03,43.80,15.30, 0.97,46.25, 6.59,22.43,81.20,11.36,53.34,
 0.97,18.79,85.34,24.08, 4.45,23.89,48.83, 9.72,49.01,68.13,57.53,54.64,15.92,50.79,71.71,51.11,82.43,32.13,84.63,45.38,
11.58,78.44,49.48,77.12,35.83, 5.02,33.16,60.67,79.01,82.61,67.91,87.36,17.40,68.47,65.01,21.46,41.27,26.87,69.71, 8.23,
50.18,76.08,17.58,63.12, 2.15, 0.10,30.42,79.54,76.92,69.99,48.19,49.96,18.76,52.01,36.16,59.65,56.93,26.43,71.60,10.88,
26.77,57.69,48.65,79.08,73.42,69.11,17.60,33.33,47.74,37.26,79.35,58.44,73.98,15.40,36.16,79.68,56.42,25.81,72.30,51.32,
50.34,77.29,14.69,66.99,36.64, 7.06,78.72,47.03,30.46,16.43,15.40,14.80,68.07,12.66, 6.00,15.55,80.74,63.01, 8.80, 4.56,
58.90,82.85,64.70,42.86,50.80,16.95,34.76,28.66,74.09,26.50,32.34,38.03,59.03, 0.77,56.70,54.25,15.88,-1.98,16.11,83.60,
21.45,64.40,53.67,46.69,76.92,54.78,59.73,28.19,73.63,24.47,32.16,36.14,17.85, 5.74,80.24,68.80,55.85,30.85,51.23, 5.43,
16.99,78.93,80.61,31.48,82.98,49.54,76.62,55.65,57.07,43.33, 6.87,73.13,24.54,59.56,32.63,64.18,70.65,44.50, 1.15,56.06,
68.51,76.43,49.52,38.22,71.99,44.25,64.44, 2.02,34.43,27.10, 7.47, 1.99,70.10, 0.25,70.86,21.39, 6.28,59.96,75.88,16.49,
65.02,79.91,44.39, 4.92, 4.94,27.88,63.19,70.31,33.69,21.75,37.95,15.73, 8.53,89.78, 4.94,83.44,82.73,69.24,38.42,71.71,
56.52,41.36,26.24,81.58,80.84,16.46,13.87,48.52,31.85,41.31,67.33, 8.35,70.82,67.18,12.87,77.33,11.01,27.34,63.77,41.73,
49.00,59.79, 9.04,10.20,14.69,54.97, 7.47,10.65,39.93,85.76,37.58,47.84,39.98,67.43,82.64,78.06,84.11,50.25,40.92,28.55,
